# Archivo de patrones para limites numericos

cantidad=999999999999999.99999999
precioxtitulo=99999999.99999999
tasa=9999.999999
importe=999999999999999.99